match,match_weight,repo_url,repo_full_name,repo_id
CVE-2023-8823,0.00001031,https://github.com/afonsovitorio/cve_sandbox,afonsovitorio/cve_sandbox,756917322
CVE-2023-8823,0.00000937,https://github.com/0xMarcio/cve,0xMarcio/cve,805332779
CVE-2023-8823,0.00000929,https://github.com/cve-sandbox-bot/cve_sandbox,cve-sandbox-bot/cve_sandbox,761136511
CVE-2023-8823,0.00000928,https://github.com/trickest/cve,trickest/cve,454015416
