match,match_weight,repo_url,repo_full_name,repo_id
CVE-2022-21778,1.00000000,https://github.com/Live-Hack-CVE/CVE-2022-21778,Live-Hack-CVE/CVE-2022-21778,582969726
CVE-2022-21778,0.00031666,https://github.com/AlphabugX/CVE-2022-23305,AlphabugX/CVE-2022-23305,450369446
CVE-2022-21778,0.00031666,https://github.com/AlphabugX/CVE-2022-RCE,AlphabugX/CVE-2022-RCE,450360735
CVE-2022-21778,0.00009367,https://github.com/Live-Hack-CVE/POC,Live-Hack-CVE/POC,619822673
CVE-2022-21778,0.00008883,https://github.com/LDrakura/CVE-Monitor,LDrakura/CVE-Monitor,535930698
CVE-2022-21778,0.00007955,https://github.com/sari3l/Poc-Monitor,sari3l/Poc-Monitor,503688932
CVE-2022-21778,0.00006261,https://github.com/adminlove520/Poc-Monitor_v1.0.1,adminlove520/Poc-Monitor_v1.0.1,585471029
CVE-2022-21778,0.00002046,https://github.com/jsteinberg4/cve-retrieval,jsteinberg4/cve-retrieval,577043003
CVE-2022-21778,0.00000432,https://github.com/gmatuz/inthewilddb,gmatuz/inthewilddb,404367677
CVE-2022-21778,0.00000416,https://github.com/scmanjarrez/CVEScannerV2DB,scmanjarrez/CVEScannerV2DB,394995609
CVE-2022-21778,0.00000362,https://github.com/Live-Hack-CVE/full_database,Live-Hack-CVE/full_database,603381678
CVE-2022-21778,0.00000359,https://github.com/BenjiTrapp/cisa-known-vuln-scraper,BenjiTrapp/cisa-known-vuln-scraper,669852222
CVE-2022-21778,0.00000323,https://github.com/kaRaGODDD/cve_database,kaRaGODDD/cve_database,747924426
CVE-2022-21778,0.00000306,https://github.com/g33kb00m/CVE2Chinese,g33kb00m/CVE2Chinese,582653564
