match,match_weight,repo_url,repo_full_name,repo_id
CVE-2020-1961,0.00055432,https://github.com/ibojanova/BF,ibojanova/BF,477905329
CVE-2020-1961,0.00053792,https://github.com/ibojanova/BF,ibojanova/BF,517767839
CVE-2020-1961,0.00053792,https://github.com/ibojanova/BF,ibojanova/BF,517732216
CVE-2020-1961,0.00010325,https://github.com/f0ns1/CVE-2020,f0ns1/CVE-2020,353048821
CVE-2020-1961,0.00001432,https://github.com/just3019/CNVD-updater,just3019/CNVD-updater,284659876
CVE-2020-1961,0.00001219,https://github.com/hellmaxx/Vulnerability-and-exploit-collector-and-map-for-information-security-analytics,hellmaxx/Vulnerability-and-exploit-collector-and-map-for-information-security-analytics,613327762
CVE-2020-1961,0.00001085,https://github.com/samvho/exploit_prediction,samvho/exploit_prediction,454109614
CVE-2020-1961,0.00000673,https://github.com/meelunae/exploitability_prediction,meelunae/exploitability_prediction,612770665
CVE-2020-1961,0.00000665,https://github.com/NadimKawwa/Cyber_Threat_Identification,NadimKawwa/Cyber_Threat_Identification,318011542
CVE-2020-1961,0.00000629,https://github.com/Vasileios-Mavroeidis/semantic-stix-vulnerability,Vasileios-Mavroeidis/semantic-stix-vulnerability,392265661
CVE-2020-1961,0.00000570,https://github.com/Yuning-J/VulnerabilityClassifier,Yuning-J/VulnerabilityClassifier,429349871
CVE-2020-1961,0.00000553,https://github.com/jgamblin/EPSSNVD,jgamblin/EPSSNVD,457057905
CVE-2020-1961,0.00000473,https://github.com/zer0daysec/CNVD-SharedVulData-XML,zer0daysec/CNVD-SharedVulData-XML,724578396
CVE-2020-1961,0.00000472,https://github.com/zhangkaibin0921/cnvd_official_data_and_spider,zhangkaibin0921/cnvd_official_data_and_spider,731956729
CVE-2020-1961,0.00000432,https://github.com/gmatuz/inthewilddb,gmatuz/inthewilddb,404367677
CVE-2020-1961,0.00000416,https://github.com/scmanjarrez/CVEScannerV2DB,scmanjarrez/CVEScannerV2DB,394995609
CVE-2020-1961,0.00000362,https://github.com/Live-Hack-CVE/full_database,Live-Hack-CVE/full_database,603381678
CVE-2020-1961,0.00000359,https://github.com/BenjiTrapp/cisa-known-vuln-scraper,BenjiTrapp/cisa-known-vuln-scraper,669852222
CVE-2020-1961,0.00000323,https://github.com/kaRaGODDD/cve_database,kaRaGODDD/cve_database,747924426
CVE-2020-1961,0.00000306,https://github.com/g33kb00m/CVE2Chinese,g33kb00m/CVE2Chinese,582653564
