match,match_weight,repo_url,repo_full_name,repo_id
CVE-2022-39219,0.00008883,https://github.com/LDrakura/CVE-Monitor,LDrakura/CVE-Monitor,535930698
CVE-2022-39219,0.00007955,https://github.com/sari3l/Poc-Monitor,sari3l/Poc-Monitor,503688932
CVE-2022-39219,0.00006261,https://github.com/adminlove520/Poc-Monitor_v1.0.1,adminlove520/Poc-Monitor_v1.0.1,585471029
CVE-2022-39219,0.00005749,https://github.com/L1GH7/Vaultiris,L1GH7/Vaultiris,568121763
CVE-2022-39219,0.00002046,https://github.com/jsteinberg4/cve-retrieval,jsteinberg4/cve-retrieval,577043003
CVE-2022-39219,0.00000473,https://github.com/zer0daysec/CNVD-SharedVulData-XML,zer0daysec/CNVD-SharedVulData-XML,724578396
CVE-2022-39219,0.00000472,https://github.com/zhangkaibin0921/cnvd_official_data_and_spider,zhangkaibin0921/cnvd_official_data_and_spider,731956729
CVE-2022-39219,0.00000432,https://github.com/gmatuz/inthewilddb,gmatuz/inthewilddb,404367677
CVE-2022-39219,0.00000416,https://github.com/scmanjarrez/CVEScannerV2DB,scmanjarrez/CVEScannerV2DB,394995609
CVE-2022-39219,0.00000362,https://github.com/Live-Hack-CVE/full_database,Live-Hack-CVE/full_database,603381678
CVE-2022-39219,0.00000359,https://github.com/BenjiTrapp/cisa-known-vuln-scraper,BenjiTrapp/cisa-known-vuln-scraper,669852222
CVE-2022-39219,0.00000323,https://github.com/kaRaGODDD/cve_database,kaRaGODDD/cve_database,747924426
CVE-2022-39219,0.00000306,https://github.com/g33kb00m/CVE2Chinese,g33kb00m/CVE2Chinese,582653564
