match,match_weight,repo_url,repo_full_name,repo_id
CVE-2007-3378,0.00531915,https://github.com/Doctor-Hacker/PHP-App-Remote-Code-Execution-Testbed,Doctor-Hacker/PHP-App-Remote-Code-Execution-Testbed,200424674
CVE-2007-3378,0.00523560,https://github.com/zwy000009/--Loophole-CVE-PoC-payload,zwy000009/--Loophole-CVE-PoC-payload,255253818
CVE-2007-3378,0.00434783,https://github.com/DCFBGFSDTHFSD/Exploit,DCFBGFSDTHFSD/Exploit,692458402
CVE-2007-3378,0.00081967,https://github.com/avnyc/Shodan_Pull_Cobalt_Strike_Team_Servers,avnyc/Shodan_Pull_Cobalt_Strike_Team_Servers,574143697
CVE-2007-3378,0.00057604,https://github.com/cankevinlaurent/secsensor,cankevinlaurent/secsensor,230999626
CVE-2007-3378,0.00006087,https://github.com/fedoraredteam/elem,fedoraredteam/elem,98762032
CVE-2007-3378,0.00006086,https://github.com/redteam-project/lem,redteam-project/lem,171368898
CVE-2007-3378,0.00003785,https://github.com/joocer/cve-exploit-predictor,joocer/cve-exploit-predictor,195553065
CVE-2007-3378,0.00002714,https://github.com/kaismax/CVE-Poc,kaismax/CVE-Poc,462788135
CVE-2007-3378,0.00001598,https://github.com/leesinz/crush,leesinz/crush,751271973
CVE-2007-3378,0.00001465,https://github.com/SkyBelll/CVE-PoC,SkyBelll/CVE-PoC,585756450
CVE-2007-3378,0.00001435,https://github.com/michaelglass/holey-moley,michaelglass/holey-moley,556068
CVE-2007-3378,0.00001324,https://github.com/CVEDB/cve-poc,CVEDB/cve-poc,617748045
CVE-2007-3378,0.00001319,https://github.com/w3security/PoCVE,w3security/PoCVE,606657364
CVE-2007-3378,0.00001186,https://github.com/scipag/vulscan,scipag/vulscan,84558222
CVE-2007-3378,0.00001031,https://github.com/afonsovitorio/cve_sandbox,afonsovitorio/cve_sandbox,756917322
CVE-2007-3378,0.00000937,https://github.com/0xMarcio/cve,0xMarcio/cve,805332779
CVE-2007-3378,0.00000929,https://github.com/cve-sandbox-bot/cve_sandbox,cve-sandbox-bot/cve_sandbox,761136511
CVE-2007-3378,0.00000928,https://github.com/trickest/cve,trickest/cve,454015416
CVE-2007-3378,0.00000673,https://github.com/meelunae/exploitability_prediction,meelunae/exploitability_prediction,612770665
CVE-2007-3378,0.00000665,https://github.com/NadimKawwa/Cyber_Threat_Identification,NadimKawwa/Cyber_Threat_Identification,318011542
CVE-2007-3378,0.00000629,https://github.com/Vasileios-Mavroeidis/semantic-stix-vulnerability,Vasileios-Mavroeidis/semantic-stix-vulnerability,392265661
CVE-2007-3378,0.00000570,https://github.com/Yuning-J/VulnerabilityClassifier,Yuning-J/VulnerabilityClassifier,429349871
CVE-2007-3378,0.00000553,https://github.com/jgamblin/EPSSNVD,jgamblin/EPSSNVD,457057905
CVE-2007-3378,0.00000432,https://github.com/gmatuz/inthewilddb,gmatuz/inthewilddb,404367677
CVE-2007-3378,0.00000416,https://github.com/scmanjarrez/CVEScannerV2DB,scmanjarrez/CVEScannerV2DB,394995609
CVE-2007-3378,0.00000362,https://github.com/Live-Hack-CVE/full_database,Live-Hack-CVE/full_database,603381678
CVE-2007-3378,0.00000359,https://github.com/BenjiTrapp/cisa-known-vuln-scraper,BenjiTrapp/cisa-known-vuln-scraper,669852222
CVE-2007-3378,0.00000323,https://github.com/kaRaGODDD/cve_database,kaRaGODDD/cve_database,747924426
CVE-2007-3378,0.00000306,https://github.com/g33kb00m/CVE2Chinese,g33kb00m/CVE2Chinese,582653564
